0.8518946170806885
0.7456228733062744
0.7355434894561768
0.7590029239654541
0.7253012657165527
0.8125951290130615
0.77687668800354
0.8190054893493652
0.7531130313873291
0.7700269222259521
0.780834436416626
0.8115630149841309
0.8170936107635498
0.7688512802124023
0.7426114082336426
0.7714602947235107
0.7570297718048096
0.757401704788208
0.7842962741851807
0.7963013648986816
0.8506109714508057
0.7512083053588867
0.7835195064544678
0.7881472110748291
0.8043780326843262
0.803743839263916
0.7578251361846924
0.7786264419555664
0.8268744945526123
0.7860078811645508
0.7731189727783203
0.7909634113311768
0.7973623275756836
0.736828088760376
0.8067834377288818
0.8458132743835449
0.7784559726715088
0.7869551181793213
0.8156661987304688
0.775592565536499
0.8327047824859619
0.8082902431488037
0.7309026718139648
0.8106300830841064
0.8135735988616943
0.7718334197998047
0.717118501663208
0.8549511432647705
0.7187509536743164
0.7744605541229248
0.7766156196594238
0.8072717189788818
0.8648903369903564
0.760366678237915
0.7590610980987549
0.7440755367279053
0.811542272567749
0.7752666473388672
0.7267415523529053
0.8157267570495605
0.7800297737121582
0.7815918922424316
0.8394980430603027
0.8017687797546387
0.7596287727355957
0.7894153594970703
0.777353048324585
0.8301842212677002
0.8205628395080566
0.7371706962585449
0.8047490119934082
0.7932498455047607
0.7418382167816162
0.7988951206207275
0.7545361518859863
0.810161828994751
0.7842152118682861
0.7731785774230957
0.7684917449951172
0.8306372165679932
0.73826003074646
0.7378592491149902
0.777327299118042
0.7595117092132568
0.8099460601806641
0.8448479175567627
0.7743117809295654
0.8600759506225586
0.8199121952056885
0.7973692417144775
0.8319895267486572
0.7757511138916016
0.7952616214752197
0.7174863815307617
0.7854492664337158
0.7782838344573975
0.8002479076385498
0.8074796199798584
0.707303524017334
0.8043651580810547
