0.7117033004760742
0.647935152053833
0.6232013702392578
0.6536855697631836
0.6190488338470459
0.6832170486450195
0.6160001754760742
0.6419403553009033
0.605417013168335
0.669431209564209
0.656296968460083
0.6827521324157715
0.6200129985809326
0.6501495838165283
0.5893678665161133
0.6307158470153809
0.6330866813659668
0.6813750267028809
0.6780951023101807
0.6536459922790527
0.6326127052307129
0.6941566467285156
0.6447205543518066
0.7251284122467041
0.6114683151245117
0.6337230205535889
0.6684496402740479
0.688814640045166
0.6435580253601074
0.6264054775238037
0.6446292400360107
0.6793107986450195
0.6965470314025879
0.6193504333496094
0.6888766288757324
0.6822071075439453
0.6830048561096191
0.6190314292907715
0.6438531875610352
0.651437520980835
0.7060363292694092
0.6543078422546387
0.6287736892700195
0.6357839107513428
0.6807169914245605
0.6537876129150391
0.6569259166717529
0.7058002948760986
0.6174466609954834
0.6440935134887695
0.62056565284729
0.683527946472168
0.635167121887207
0.5952825546264648
0.6498162746429443
0.6891171932220459
0.6783044338226318
0.6773004531860352
0.741260290145874
0.7059431076049805
0.5988788604736328
0.655484676361084
0.6762051582336426
0.6451022624969482
0.6221246719360352
0.7264363765716553
0.7303562164306641
0.5948796272277832
0.7463300228118896
0.5886733531951904
0.6917784214019775
0.6576967239379883
0.6367950439453125
0.6933927536010742
0.6546294689178467
0.6917593479156494
0.654076099395752
0.6575093269348145
0.65777587890625
0.6462485790252686
0.6630759239196777
0.6185572147369385
0.6597657203674316
0.6713881492614746
0.6789274215698242
0.679591178894043
0.5999336242675781
0.6387271881103516
0.6778488159179688
0.6232190132141113
0.7126896381378174
0.6177783012390137
0.6616306304931641
0.6979460716247559
0.6522390842437744
0.6555042266845703
0.6175081729888916
0.6748464107513428
0.6705105304718018
0.6717081069946289
