0.6967368125915527
0.6938133239746094
0.6676750183105469
0.6716439723968506
0.6861634254455566
0.6017036437988281
0.7220895290374756
0.7126855850219727
0.724576473236084
0.6808907985687256
0.7067573070526123
0.6831424236297607
0.6736364364624023
0.6952738761901855
0.6428890228271484
0.7106389999389648
0.6644258499145508
0.7009623050689697
0.7792184352874756
0.6607706546783447
0.7040691375732422
0.6985900402069092
0.6995112895965576
0.7041010856628418
0.7407846450805664
0.6653263568878174
0.7223844528198242
0.7829751968383789
0.657475471496582
0.7510616779327393
0.7116618156433105
0.6827647686004639
0.6876230239868164
0.6824686527252197
0.7311477661132812
0.7013053894042969
0.6796624660491943
0.7120044231414795
0.7073099613189697
0.6837468147277832
0.6563191413879395
0.6477010250091553
0.714724063873291
0.7115156650543213
0.6842398643493652
0.7009561061859131
0.7164328098297119
0.6736459732055664
0.7083218097686768
0.7039291858673096
0.7141523361206055
0.7344315052032471
0.648895263671875
0.705951452255249
0.6984777450561523
0.7299618721008301
0.7415282726287842
0.7204160690307617
0.7071671485900879
0.7137267589569092
0.7187306880950928
0.722001314163208
0.6815609931945801
0.6369364261627197
0.6884591579437256
0.679591178894043
0.6801154613494873
0.7056722640991211
0.6674778461456299
0.7762560844421387
0.6996731758117676
0.7596619129180908
0.764108419418335
0.693192720413208
0.7359905242919922
0.7121720314025879
0.765540361404419
0.7013258934020996
0.7439312934875488
0.7118144035339355
0.6681802272796631
0.6770832538604736
0.7035446166992188
0.682436466217041
0.7655422687530518
0.6969835758209229
0.6258425712585449
0.6835947036743164
0.7225306034088135
0.6512560844421387
0.7178163528442383
0.6925077438354492
0.675513505935669
0.6961123943328857
0.6600399017333984
0.7163376808166504
0.6805770397186279
0.6866040229797363
0.776810884475708
0.6889626979827881
