0.8358840942382812
0.7990927696228027
0.8106153011322021
0.8521971702575684
0.8090605735778809
0.8460061550140381
0.7759964466094971
0.8351395130157471
0.828761100769043
0.822364091873169
0.8389179706573486
0.8308966159820557
0.8444507122039795
0.8123812675476074
0.8101320266723633
0.8241117000579834
0.8061485290527344
0.794813871383667
0.7890505790710449
0.8238620758056641
0.8530557155609131
0.8057255744934082
0.8518950939178467
0.9174079895019531
0.7954180240631104
0.838127851486206
0.8263707160949707
0.8875353336334229
0.8114497661590576
0.8383774757385254
0.7928032875061035
0.7848320007324219
0.829247236251831
0.7983434200286865
0.8582954406738281
0.8252906799316406
0.9242510795593262
0.8751349449157715
0.8689315319061279
0.8105123043060303
0.833667516708374
0.8346278667449951
0.809016227722168
0.8175203800201416
0.8133437633514404
0.8714523315429688
0.7889134883880615
0.8070552349090576
0.796600341796875
0.8604588508605957
0.8000936508178711
0.8197147846221924
0.8863062858581543
0.8329870700836182
0.7996456623077393
0.7451977729797363
0.8500540256500244
0.838944673538208
0.8630857467651367
0.8297092914581299
0.8345475196838379
0.7977969646453857
0.8228776454925537
0.7984933853149414
0.770784854888916
0.8465895652770996
0.7668638229370117
0.7894077301025391
0.8013365268707275
0.8457837104797363
0.8698513507843018
0.7845051288604736
0.8190879821777344
0.78765869140625
0.8314387798309326
0.8413922786712646
0.7775270938873291
0.8452479839324951
0.8746461868286133
0.7938311100006104
0.8104445934295654
0.897559642791748
0.8153424263000488
0.8419585227966309
0.9134855270385742
0.8504135608673096
0.8456954956054688
0.8168470859527588
0.7930285930633545
0.8059537410736084
0.8358685970306396
0.8482761383056641
0.7873687744140625
0.8832395076751709
0.8742272853851318
0.841346025466919
0.8907730579376221
0.7789137363433838
0.8376374244689941
0.8281600475311279
